816
810 786
87 635
117 601
472 641
75 141
667 344
55 51
6 7
197 180
33 776
47 199
58 354
301 424
588 297
273 406
173 113
175 219
19 477
155 307
32 2
555 393
108 208
311 171
304 207
364 783
701 66
356 196
468 6
534 568
645 564
527 170
323 387
789 73
52 17
242 229
31 323
526 332
94 491
441 291
615 692
84 71
418 26
102 188
444 814
59 74
142 255
114 4
499 98
11 9
612 58
243 640
266 669
51 154
249 369
43 239
771 49
270 275
330 288
428 40
510 377
216 415
61 605
139 240
588 695
14 20
177 3
516 219
529 133
470 313
696 321
672 667
77 137
96 218
434 299
705 122
734 337
598 694
271 565
456 138
519 715
232 281
482 226
46 125
230 580
109 160
633 186
466 356
372 707
414 67
181 153
4 327
11 201
319 447
66 16
279 158
434 531
184 102
107 472
150 65
572 506
205 71
82 143
353 65
598 269
207 26
231 174
243 149
585 316
52 89
199 232
547 742
90 87
259 202
276 21
331 154
265 112
308 237
166 252
797 808
544 189
23 194
408 84
25 503
161 654
164 522
272 19
105 44
382 706
84 100
730 43
47 222
689 594
407 163
384 280
40 458
252 616
163 213
110 780
291 92
16 93
113 88
608 428
525 448
538 644
42 17
134 68
227 795
171 23
85 97
448 457
105 714
661 251
212 334
160 179
579 91
266 390
1 91
4 161
433 756
805 2
14 322
512 499
332 268
18 170
431 577
600 462
574 15
775 245
56 54
160 246
405 815
4 10
95 144
578 194
78 249
170 427
722 614
464 397
515 155
423 291
741 157
481 219
165 73
43 781
166 200
286 213
242 632
663 366
699 59
61 121
14 223
224 260
382 275
174 329
274 218
3 583
97 401
683 237
367 227
690 403
364 620
221 183
98 738
545 718
573 551
659 399
3 31
112 421
245 626
112 72
767 617
657 581
4 295
564 16
1 3
40 438
744 702
264 646
336 111
235 199
377 284
473 410
63 34
478 552
191 178
774 687
282 8
82 83
37 103
733 602
74 107
589 309
281 450
642 346
135 13
160 206
485 260
96 469
749 61
192 210
155 159
118 465
787 778
67 809
122 9
177 297
621 796
12 106
314 166
801 730
631 5
403 571
95 65
599 402
82 43
2 1
402 68
409 793
26 325
586 252
686 185
650 618
175 25
53 284
139 29
380 30
16 60
153 630
164 11
523 782
665 200
562 797
288 278
209 349
180 155
395 224
43 116
286 287
46 72
621 563
591 200
553 393
562 174
307 315
64 4
165 237
458 570
293 495
790 336
110 88
638 114
18 28
748 98
484 444
224 283
16 10
65 99
11 486
624 59
684 104
9 321
68 62
16 453
709 185
236 166
142 167
368 284
102 33
475 310
592 202
469 517
369 454
4 3
40 48
163 71
567 747
117 778
96 86
52 190
664 293
629 425
509 292
26 34
214 497
357 231
36 338
151 449
45 92
721 226
301 41
777 88
109 119
146 20
76 280
717 564
200 416
25 14
519 276
181 417
736 338
666 376
724 526
511 388
86 628
247 697
478 268
812 1
755 486
237 452
410 622
186 187
779 544
392 115
67 204
468 500
551 182
77 309
735 278
193 257
277 154
6 12
155 88
471 372
88 75
41 54
492 687
729 621
460 430
164 762
525 813
676 599
493 7
393 69
27 337
443 18
691 32
607 542
98 17
15 10
185 121
188 195
225 75
292 128
226 59
26 57
611 367
258 244
306 252
474 2
92 285
129 45
240 613
575 459
230 769
58 186
518 376
78 15
108 123
582 75
130 670
262 764
216 25
275 768
597 247
431 294
698 396
785 612
143 162
561 26
394 523
358 269
241 145
238 125
65 220
89 463
508 360
299 210
58 17
504 593
153 16
352 7
105 178
157 136
328 410
146 750
533 11
129 148
328 671
668 241
137 761
360 133
5 76
8 149
560 555
557 682
339 307
84 479
92 131
152 13
233 83
45 658
182 437
264 212
388 205
35 65
60 603
326 176
609 339
248 404
102 361
316 68
2 9
281 433
617 282
16 29
250 147
318 351
369 389
791 12
324 234
77 39
134 230
224 374
89 268
726 632
451 127
104 623
248 60
20 33
14 11
68 71
704 280
505 87
447 542
108 373
123 347
39 51
343 636
396 200
247 4
261 802
546 166
8 176
45 651
581 573
431 556
159 333
55 118
5 627
807 334
17 36
545 174
145 203
43 44
30 13
6 80
375 649
625 579
300 220
73 480
151 113
87 138
702 435
94 34
570 637
328 243
175 294
101 126
229 201
211 170
79 45
18 344
533 765
761 803
41 550
101 547
594 46
431 773
114 743
595 511
539 81
396 444
71 156
652 513
375 165
391 107
144 193
560 811
135 142
492 340
399 299
788 253
69 501
13 81
366 166
52 273
417 610
532 566
465 502
758 37
426 237
21 50
508 548
29 140
362 203
534 639
673 444
800 109
754 71
753 48
94 133
71 342
29 35
378 221
62 394
42 189
763 731
719 541
326 506
16 413
446 494
25 37
794 767
17 132
45 6
207 504
455 537
101 261
21 19
9 17
251 168
376 351
353 476
122 320
212 11
120 576
150 411
286 397
238 419
359 114
126 196
46 47
634 506
296 172
716 231
439 159
300 760
136 158
723 99
737 538
662 193
318 119
128 71
313 155
396 534
271 81
520 160
166 74
101 46
564 681
446 375
422 530
432 300
46 23
445 459
106 244
169 584
334 677
653 167
308 430
440 2
183 290
317 104
80 127
377 425
355 292
228 348
233 266
558 53
302 680
17 61
405 138
17 757
33 784
391 543
734 816
1 62
246 435
633 655
732 570
746 308
256 248
104 53
22 23
7 24
574 604
496 82
708 546
222 462
536 341
61 120
182 124
343 89
60 245
383 329
325 703
212 549
101 298
36 183
312 72
411 804
2 13
43 39
113 254
41 33
418 710
84 559
108 18
90 172
65 270
395 596
233 643
317 381
772 279
86 81
467 367
720 621
445 314
569 274
23 448
307 727
27 227
739 396
540 17
731 170
431 712
174 122
688 355
2 215
220 422
4 403
507 88
71 614
615 444
2 6
209 152
492 535
514 223
195 752
214 200
528 207
390 554
305 35
11 679
75 16
263 172
32 145
365 297
278 319
31 278
490 485
513 22
590 419
728 60
563 156
336 363
298 340
532 387
198 66
700 30
350 138
54 302
168 41
436 167
216 370
397 483
524 218
22 11
109 30
115 75
27 759
430 619
8 1
46 647
70 61
713 629
674 260
725 195
192 126
420 352
130 12
386 377
317 587
127 429
381 412
371 291
101 262
217 166
253 61
538 68
53 400
409 127
25 38
341 117
455 206
648 566
567 466
498 150
190 521
685 341
618 549
7 169
70 124
62 379
136 23
17 40
147 101
786 341
111 15
38 267
310 240
9 69
202 193
472 602
678 517
443 711
49 17
117 557
125 372
293 246
72 770
72 73
3 5
798 251
398 126
76 364
27 303
487 457
8 26
234 766
462 489
346 123
491 693
183 345
234 63
490 606
